0.2250 1.0000
0.4840 1.0000
0.2810 1.0000
0.9650 1.0000
0.0260 -1.0000
0.3080 1.0000
0.0290 -1.0000
0.9080 1.0000
0.7400 1.0000
0.0550 -1.0000
0.0380 1.0000
0.0290 -1.0000
0.4780 1.0000
0.9320 1.0000
0.0750 -1.0000
0.0440 -1.0000
0.9590 1.0000
0.7550 1.0000
0.1940 1.0000
0.2120 1.0000
0.1390 1.0000
0.2800 1.0000
0.0000 -1.0000
0.0170 -1.0000
0.2380 1.0000
0.9040 1.0000
0.0250 -1.0000
0.2960 1.0000
0.0730 -1.0000
0.4380 1.0000
0.1680 1.0000
0.2720 1.0000
0.0000 -1.0000
0.2100 1.0000
0.0450 -1.0000
0.1540 1.0000
0.1290 1.0000
0.2990 1.0000
0.1500 1.0000
0.0690 -1.0000
0.0620 -1.0000
0.0700 -1.0000
0.0330 -1.0000
0.0510 -1.0000
0.0350 -1.0000
0.0660 -1.0000
0.9940 1.0000
0.9280 1.0000
0.9700 1.0000
0.7160 1.0000
0.3230 1.0000
0.0270 -1.0000
0.9210 1.0000
0.7460 1.0000
0.0580 -1.0000
0.7340 1.0000
0.0500 -1.0000
0.7510 1.0000
0.0770 -1.0000
0.0260 -1.0000
0.0370 -1.0000
0.0660 -1.0000
0.9710 1.0000
0.0300 -1.0000
0.0260 -1.0000
0.0200 -1.0000
0.0000 -1.0000
0.4850 1.0000
0.0520 -1.0000
0.9190 1.0000
0.9130 1.0000
0.9120 1.0000
0.2920 1.0000
0.9470 1.0000
0.2290 1.0000
0.1310 1.0000
0.0290 -1.0000
0.7370 1.0000
0.0000 -1.0000
0.0540 -1.0000
0.2330 1.0000
0.4370 1.0000
0.9150 1.0000
0.0690 -1.0000
0.0660 -1.0000
0.4200 1.0000
0.0730 -1.0000
0.7750 1.0000
0.9860 1.0000
0.4940 1.0000
0.0530 -1.0000
0.0450 -1.0000
0.0470 -1.0000
0.0310 -1.0000
0.7910 1.0000
0.1030 1.0000
0.7290 1.0000
0.9200 1.0000
0.2470 1.0000
0.0640 -1.0000
0.1690 1.0000
0.0760 -1.0000
0.0210 -1.0000
0.9590 1.0000
0.0570 -1.0000
0.6250 1.0000
0.0700 -1.0000
0.4080 1.0000
0.6090 1.0000
0.0300 -1.0000
0.0730 -1.0000
0.0270 -1.0000
0.0680 -1.0000
0.0000 -1.0000
0.9100 1.0000
0.9870 1.0000
0.1650 1.0000
0.9070 1.0000
0.9570 1.0000
0.1430 1.0000
0.0560 -1.0000
0.1410 1.0000
0.0750 -1.0000
0.9800 1.0000
0.1380 1.0000
0.0370 -1.0000
0.4780 1.0000
0.9080 1.0000
0.0000 -1.0000
0.0760 -1.0000
0.1250 1.0000
0.0370 -1.0000
0.4770 1.0000
0.0350 -1.0000
0.7230 1.0000
0.9440 1.0000
0.9240 1.0000
0.9360 1.0000
0.0590 -1.0000
0.0510 -1.0000
0.9930 1.0000
0.9250 1.0000
0.0020 -1.0000
0.0790 1.0000
0.0640 -1.0000
0.0000 -1.0000
0.9770 1.0000
0.4160 1.0000
0.0530 -1.0000
0.9400 1.0000
0.7030 1.0000
0.0680 -1.0000
0.4860 1.0000
0.0740 -1.0000
0.6730 1.0000
0.0520 -1.0000
0.0780 -1.0000
0.0650 -1.0000
0.0780 -1.0000
0.9240 1.0000
0.0460 -1.0000
0.0370 -1.0000
0.0730 -1.0000
0.0220 -1.0000
0.0550 -1.0000
0.0770 -1.0000
0.0320 -1.0000
0.0370 -1.0000
0.0320 -1.0000
1.0000 1.0000
0.0740 -1.0000
0.0000 -1.0000
0.0480 -1.0000
0.0600 -1.0000
0.0480 -1.0000
0.0580 -1.0000
0.0160 -1.0000
0.2590 1.0000
0.7550 1.0000
0.1040 1.0000
0.0580 -1.0000
0.7730 1.0000
0.7440 1.0000
0.4450 1.0000
0.0350 -1.0000
0.9930 1.0000
0.0410 -1.0000
0.9530 1.0000
0.0210 -1.0000
0.0790 -1.0000
0.0450 -1.0000
0.7580 1.0000
0.0270 -1.0000
0.0360 -1.0000
0.1890 1.0000
0.0410 -1.0000
0.1690 1.0000
0.2510 1.0000
0.0390 -1.0000
0.0610 -1.0000
0.9750 1.0000
0.2560 1.0000
0.0280 -1.0000
0.9100 1.0000
0.8860 1.0000
0.0740 -1.0000
0.4450 1.0000
0.0660 -1.0000
0.9030 1.0000
0.9050 1.0000
0.2280 1.0000
0.0310 -1.0000
0.7860 1.0000
0.8150 1.0000
0.9930 1.0000
0.0370 -1.0000
0.0000 -1.0000
0.9980 1.0000
0.4220 1.0000
0.0320 -1.0000
0.8600 1.0000
0.4650 1.0000
0.9460 1.0000
0.0570 -1.0000
0.0000 -1.0000
0.4470 1.0000
0.1100 1.0000
0.1720 1.0000
0.2190 1.0000
0.0400 -1.0000
0.9470 1.0000
0.4980 1.0000
0.9640 1.0000
0.0280 -1.0000
0.0770 -1.0000
0.1550 1.0000
0.0370 -1.0000
0.0270 -1.0000
0.9800 1.0000
0.0430 -1.0000
0.7410 1.0000
0.0720 -1.0000
0.0720 -1.0000
0.0380 -1.0000
0.0310 -1.0000
0.0260 -1.0000
0.0000 -1.0000
0.0750 -1.0000
0.0630 -1.0000
0.0000 -1.0000
0.0240 -1.0000
0.0560 -1.0000
0.0230 -1.0000
0.9760 1.0000
0.2080 1.0000
0.0230 -1.0000
0.0670 -1.0000
0.1800 1.0000
0.0480 -1.0000
0.4170 1.0000
0.1480 1.0000
0.0440 -1.0000
0.0400 -1.0000
0.0730 -1.0000
0.0400 -1.0000
0.0350 -1.0000
0.1270 1.0000
0.0720 -1.0000
0.2980 1.0000
0.7670 1.0000
0.2100 1.0000
0.9490 1.0000
0.7380 1.0000
0.6860 1.0000
0.0220 -1.0000
0.0670 -1.0000
0.0330 -1.0000
0.0330 -1.0000
0.0570 -1.0000
0.9460 1.0000
0.0320 -1.0000
0.9260 1.0000
0.0230 -1.0000
0.2960 1.0000
0.4360 1.0000
0.0490 -1.0000
0.0580 -1.0000
0.0600 -1.0000
0.0000 -1.0000
0.0690 -1.0000
0.0310 -1.0000
0.1050 1.0000
0.0790 -1.0000
0.2790 1.0000
0.1580 1.0000
0.0610 -1.0000
0.9460 1.0000
0.0610 -1.0000
0.1480 1.0000
0.0390 -1.0000
0.9820 1.0000
0.0560 -1.0000
0.0240 -1.0000
0.2480 1.0000
0.0670 -1.0000
0.4700 1.0000
0.0350 -1.0000
0.2730 1.0000
0.2280 1.0000
0.0520 -1.0000
0.0430 -1.0000
0.9480 1.0000
0.0000 -1.0000
0.0210 -1.0000
0.3640 1.0000
0.1260 1.0000
0.0620 -1.0000
0.0560 -1.0000
0.9770 1.0000
0.0500 -1.0000
0.0500 -1.0000
0.2530 1.0000
0.0000 -1.0000
0.0000 -1.0000
0.0530 -1.0000
0.9440 1.0000
0.0650 -1.0000
0.0280 -1.0000
0.0550 -1.0000
0.0500 -1.0000
0.0700 -1.0000
0.9130 1.0000
0.1630 1.0000
0.4140 1.0000
0.0250 -1.0000
0.2200 1.0000
0.0390 -1.0000
0.9190 1.0000
0.0720 -1.0000
0.1700 1.0000
0.7800 1.0000
0.0770 -1.0000
0.0260 -1.0000
0.0000 -1.0000
0.1910 1.0000
0.1650 1.0000
0.0370 -1.0000
0.4180 1.0000
0.4360 1.0000
0.0000 -1.0000
0.4950 1.0000
0.9910 1.0000
0.0310 -1.0000
0.0390 -1.0000
0.2730 1.0000
0.9880 1.0000
0.0450 -1.0000
0.4930 1.0000
0.7400 1.0000
0.4640 1.0000
0.0520 -1.0000
0.5820 1.0000
0.9940 1.0000
0.0200 -1.0000
0.0330 -1.0000
0.9220 1.0000
0.0000 -1.0000
0.1410 1.0000
0.0540 -1.0000
0.0340 -1.0000
0.7460 1.0000
0.4670 1.0000
0.1750 1.0000
0.0660 -1.0000
0.0250 -1.0000
0.9580 1.0000
0.0400 -1.0000
0.7200 1.0000
0.0000 -1.0000
0.9360 1.0000
0.9940 1.0000
0.0470 -1.0000
0.9500 1.0000
0.0770 -1.0000
0.9680 1.0000
0.4920 1.0000
0.0210 -1.0000
0.1960 1.0000
0.2580 1.0000
0.9470 1.0000
0.0350 -1.0000
0.2790 1.0000
0.9720 1.0000
0.4180 1.0000
0.1930 1.0000
0.7500 1.0000
0.0210 -1.0000
0.7130 1.0000
0.7780 1.0000
0.1180 1.0000
0.9680 1.0000
0.0780 -1.0000
0.0720 -1.0000
0.1880 1.0000
0.2390 1.0000
0.0650 -1.0000
0.0000 -1.0000
0.4000 1.0000
0.1320 1.0000
0.0690 -1.0000
0.4490 1.0000
0.0590 -1.0000
0.4370 1.0000
0.4900 1.0000
0.9260 1.0000
0.0360 -1.0000
0.7870 1.0000
0.0730 -1.0000
0.4560 1.0000
0.5830 1.0000
0.0970 1.0000
0.0320 -1.0000
0.0280 -1.0000
0.0640 -1.0000
0.2940 1.0000
0.7080 1.0000
0.0000 -1.0000
0.0000 -1.0000
0.7660 1.0000
0.9500 1.0000
0.1730 1.0000
0.0080 1.0000
0.0350 -1.0000
0.2410 1.0000
0.0000 -1.0000
0.0520 -1.0000
0.0000 -1.0000
0.1970 1.0000
0.1670 1.0000
0.2340 1.0000
0.0590 -1.0000
0.7660 1.0000
0.0370 -1.0000
0.0280 -1.0000
0.4540 1.0000
0.0220 -1.0000
0.1620 1.0000
0.0000 -1.0000
0.0000 -1.0000
0.0530 -1.0000
0.0540 -1.0000
0.7240 1.0000
0.0310 -1.0000
0.0270 -1.0000
0.2190 1.0000
0.1370 1.0000
0.0000 -1.0000
0.7840 1.0000
0.0350 -1.0000
0.7590 1.0000
0.9110 1.0000
0.2000 1.0000
0.2140 1.0000
0.0000 -1.0000
0.7160 1.0000
0.7130 1.0000
0.0690 -1.0000
0.0000 -1.0000
0.1490 1.0000
0.0540 -1.0000
0.0270 -1.0000
0.0450 -1.0000
0.0630 -1.0000
0.7090 1.0000
0.0680 -1.0000
0.4760 1.0000
0.7370 1.0000
0.0500 -1.0000
0.7570 1.0000
0.0790 -1.0000
0.4030 1.0000
0.9210 1.0000
0.9910 1.0000
0.0600 -1.0000
0.0330 -1.0000
0.4820 1.0000
0.9220 1.0000
0.7560 1.0000
0.1980 1.0000
0.9390 1.0000
0.0570 -1.0000
0.7760 1.0000
0.0700 -1.0000
0.0320 -1.0000
0.0560 -1.0000
0.7180 1.0000
0.0770 -1.0000
0.0800 -1.0000
0.0230 -1.0000
0.2380 1.0000
0.4970 1.0000
0.0790 -1.0000
0.0000 -1.0000
0.0660 -1.0000
0.7950 1.0000
0.9670 1.0000
0.5320 1.0000
0.0730 -1.0000
0.7920 1.0000
0.0710 -1.0000
0.9690 1.0000
0.0000 -1.0000
0.0590 -1.0000
1.0000 1.0000
0.9020 1.0000
0.4850 1.0000
0.0360 -1.0000
0.9520 1.0000
0.1380 1.0000
0.0330 -1.0000
0.4300 1.0000
0.0440 -1.0000
0.4210 1.0000
0.0290 -1.0000
0.4030 1.0000
0.0690 -1.0000
0.6380 1.0000
0.4340 1.0000
0.0270 -1.0000
0.0480 -1.0000
0.7460 1.0000
0.0640 -1.0000
0.9830 1.0000
0.1500 1.0000
0.7510 1.0000
0.1260 1.0000
0.0000 -1.0000
0.1840 1.0000
0.1870 1.0000
0.1600 1.0000
0.0670 -1.0000
0.0480 -1.0000
0.9070 1.0000
0.9260 1.0000
0.0650 -1.0000
0.0480 -1.0000
0.9920 1.0000
0.0340 -1.0000
0.7380 1.0000
0.0490 -1.0000
0.0780 -1.0000
0.7520 1.0000
0.4980 1.0000
0.0630 -1.0000
0.9310 1.0000
0.0050 -1.0000
0.9740 1.0000
0.7360 1.0000
0.4410 1.0000
0.0210 -1.0000
0.0000 -1.0000
0.9260 1.0000
0.3810 1.0000
0.0360 -1.0000
0.7150 1.0000
0.9280 1.0000
0.7830 1.0000
0.7350 1.0000
0.0000 -1.0000
0.7700 1.0000
0.0310 -1.0000
0.2880 1.0000
0.0300 -1.0000
0.5970 1.0000
0.0390 -1.0000
0.9260 1.0000
0.0360 -1.0000
0.0320 -1.0000
0.0420 -1.0000
0.0470 -1.0000
0.0790 -1.0000
0.7870 1.0000
0.1250 1.0000
0.7020 1.0000
0.4220 1.0000
0.4050 1.0000
0.0270 -1.0000
0.7350 1.0000
0.4490 1.0000
0.0280 -1.0000
0.9480 1.0000
0.0340 -1.0000
0.4230 1.0000
0.4140 1.0000
0.1600 1.0000
0.0640 -1.0000
0.1040 1.0000
0.2050 1.0000
0.9960 1.0000
0.0400 -1.0000
0.4360 1.0000
0.0580 -1.0000
0.9250 1.0000
0.9970 1.0000
0.0000 -1.0000
0.7960 1.0000
0.9760 1.0000
0.0710 -1.0000
0.4500 1.0000
0.4330 1.0000
0.7480 1.0000
0.0320 -1.0000
0.0320 -1.0000
0.9750 1.0000
0.0000 -1.0000
0.1610 1.0000
0.0610 -1.0000
0.0310 -1.0000
0.8040 1.0000
0.0270 -1.0000
0.1290 1.0000
0.9860 1.0000
0.9780 1.0000
0.5640 1.0000
0.0290 -1.0000
0.9500 1.0000
0.0550 -1.0000
0.1860 1.0000
0.0480 -1.0000
0.0640 -1.0000
0.1760 1.0000
0.9180 1.0000
0.0250 -1.0000
0.1430 1.0000
0.9250 1.0000
0.9800 1.0000
0.9780 1.0000
0.0000 -1.0000
0.8820 1.0000
0.1290 1.0000
0.9960 1.0000
0.9380 1.0000
0.0730 -1.0000
0.0390 -1.0000
0.1220 1.0000
0.1020 1.0000
0.7690 1.0000
0.0000 -1.0000
0.0740 -1.0000
0.0270 -1.0000
0.0420 -1.0000
0.0740 -1.0000
0.9540 1.0000
0.1100 1.0000
0.4400 1.0000
0.0250 -1.0000
0.0260 -1.0000
0.1500 1.0000
0.0310 -1.0000
0.9190 1.0000
0.0290 -1.0000
0.0260 -1.0000
0.1010 1.0000
0.4620 1.0000
0.0420 -1.0000
0.0240 -1.0000
0.9930 1.0000
0.0390 -1.0000
0.9900 1.0000
0.9250 1.0000
0.2150 1.0000
0.0770 -1.0000
0.4370 1.0000
0.4540 1.0000
0.0790 -1.0000
0.0360 -1.0000
0.0630 -1.0000
0.0170 -1.0000
0.3030 1.0000
0.9020 1.0000
0.4180 1.0000
0.9100 1.0000
0.9800 1.0000
0.3770 1.0000
0.0520 -1.0000
0.0610 -1.0000
0.9750 1.0000
0.0060 -1.0000
0.9330 1.0000
0.0370 -1.0000
0.0470 -1.0000
0.0340 -1.0000
0.2050 1.0000
0.1130 1.0000
0.0380 -1.0000
0.0240 -1.0000
0.9120 1.0000
0.0290 -1.0000
0.0410 -1.0000
0.9690 1.0000
0.6280 1.0000
0.0000 -1.0000
0.7060 1.0000
0.0750 -1.0000
0.7240 1.0000
0.0320 -1.0000
0.0450 -1.0000
0.0410 -1.0000
0.4500 1.0000
0.9250 1.0000
0.1750 1.0000
0.9780 1.0000
0.9140 1.0000
0.4120 1.0000
0.0000 -1.0000
0.9080 1.0000
0.9990 1.0000
0.0000 -1.0000
0.9910 1.0000
0.0000 -1.0000
0.5870 1.0000
0.0730 -1.0000
0.0000 -1.0000
0.0280 -1.0000
0.0780 -1.0000
0.0220 -1.0000
0.9390 1.0000
0.0000 -1.0000
0.4750 1.0000
0.1890 1.0000
0.1950 1.0000
0.9360 1.0000
0.0740 -1.0000
0.4650 1.0000
0.0260 -1.0000
0.4050 1.0000
0.0500 -1.0000
0.0670 -1.0000
0.4960 1.0000
0.0790 -1.0000
0.1950 1.0000
0.0480 -1.0000
0.0750 -1.0000
0.8150 1.0000
0.0000 -1.0000
0.0310 -1.0000
0.9780 1.0000
0.9540 1.0000
0.1510 1.0000
0.9860 1.0000
0.2170 1.0000
0.0620 -1.0000
0.1470 1.0000
0.0440 -1.0000
0.0530 -1.0000
0.4620 1.0000
0.4170 1.0000
0.9500 1.0000
0.0330 -1.0000
0.9780 1.0000
0.0390 -1.0000
0.0310 -1.0000
0.7350 1.0000
0.7830 1.0000
0.0610 -1.0000
0.0470 -1.0000
0.0320 -1.0000
0.0230 -1.0000
0.0790 -1.0000
0.4930 1.0000
0.9830 1.0000
0.0240 -1.0000
0.0010 -1.0000
0.2740 1.0000
0.0000 -1.0000
0.0320 -1.0000
0.0570 -1.0000
0.9340 1.0000
0.9560 1.0000
0.2470 1.0000
0.1160 1.0000
0.0380 -1.0000
0.1120 1.0000
0.1980 1.0000
0.9730 1.0000
0.0700 -1.0000
0.8800 1.0000
0.0500 -1.0000
0.0000 -1.0000
0.0290 -1.0000
0.0310 -1.0000
0.0270 -1.0000
0.0530 -1.0000
0.7590 1.0000
0.1930 1.0000
0.7400 1.0000
0.4750 1.0000
0.0280 -1.0000
0.9100 1.0000
0.0230 -1.0000
0.0310 -1.0000
0.4140 1.0000
0.0000 -1.0000
0.0740 -1.0000
0.0000 -1.0000
0.1700 1.0000
0.9450 1.0000
0.4670 1.0000
0.1230 1.0000
0.0770 -1.0000
0.0690 -1.0000
0.0340 -1.0000
0.0000 -1.0000
0.0470 -1.0000
0.1260 1.0000
0.0800 -1.0000
0.0780 -1.0000
0.0270 -1.0000
0.9850 1.0000
0.9380 1.0000
0.0580 -1.0000
0.0320 -1.0000
0.9800 1.0000
0.9530 1.0000
0.7510 1.0000
0.9050 1.0000
0.0400 1.0000
0.9910 1.0000
0.0500 -1.0000
0.1070 1.0000
0.0750 -1.0000
0.2020 1.0000
0.0460 -1.0000
0.0240 -1.0000
0.4410 1.0000
0.9430 1.0000
0.0000 -1.0000
0.0560 -1.0000
0.2550 1.0000
0.0380 -1.0000
0.7980 1.0000
0.0430 -1.0000
0.9560 1.0000
0.7570 1.0000
0.2680 1.0000
0.0000 -1.0000
0.9620 1.0000
0.9820 1.0000
0.9680 1.0000
0.9420 1.0000
0.1460 1.0000
0.7040 1.0000
0.0370 -1.0000
0.0240 -1.0000
0.9840 1.0000
0.0760 -1.0000
0.0530 -1.0000
0.1430 1.0000
0.4510 1.0000
0.0790 -1.0000
0.0310 -1.0000
0.0300 -1.0000
0.1770 1.0000
0.0250 -1.0000
0.0310 -1.0000
0.0610 -1.0000
0.7810 1.0000
0.0000 -1.0000
0.0330 -1.0000
0.0620 -1.0000
0.9110 1.0000
0.0390 -1.0000
0.1900 1.0000
0.9520 1.0000
0.0240 -1.0000
0.9210 1.0000
0.9930 1.0000
0.7920 1.0000
0.0550 -1.0000
0.0000 -1.0000
0.0740 -1.0000
0.0310 -1.0000
0.2300 1.0000
0.0590 -1.0000
0.0000 -1.0000
0.0610 -1.0000
0.0670 -1.0000
0.0480 -1.0000
0.0390 -1.0000
0.0640 -1.0000
0.1070 1.0000
0.0320 -1.0000
0.0560 -1.0000
0.0760 -1.0000
0.2840 1.0000
0.9040 1.0000
0.0540 -1.0000
0.0600 -1.0000
0.0000 -1.0000
0.4350 1.0000
0.4890 1.0000
0.0540 -1.0000
0.9760 1.0000
0.0370 -1.0000
0.0300 -1.0000
0.0480 -1.0000
0.0590 -1.0000
0.4200 1.0000
0.4760 1.0000
0.9210 1.0000
0.2910 1.0000
0.7970 1.0000
0.7560 1.0000
0.1790 1.0000
0.0310 -1.0000
0.7170 1.0000
0.0410 -1.0000
0.0530 -1.0000
0.0200 -1.0000
0.1420 1.0000
0.4110 1.0000
0.0600 -1.0000
0.1060 1.0000
0.3380 1.0000
0.9240 1.0000
0.1970 1.0000
0.1410 1.0000
0.4060 1.0000
0.0000 -1.0000
0.1640 1.0000
0.0790 -1.0000
0.8340 1.0000
0.7940 1.0000
0.0340 -1.0000
0.7540 1.0000
0.4380 1.0000
0.4880 1.0000
0.2870 1.0000
0.1980 1.0000
0.9120 1.0000
0.0790 -1.0000
0.0000 -1.0000
0.2000 1.0000
0.1900 1.0000
0.3680 1.0000
0.0320 -1.0000
0.9930 1.0000
0.0420 -1.0000
0.1290 1.0000
0.0290 -1.0000
0.0380 -1.0000
0.0300 -1.0000
0.7130 1.0000
0.2520 1.0000
0.9560 1.0000
0.0300 -1.0000
0.0730 -1.0000
0.0520 -1.0000
0.9770 1.0000
0.0000 -1.0000
0.8100 1.0000
0.2660 1.0000
0.7720 1.0000
0.0680 -1.0000
0.8540 1.0000
0.0330 -1.0000
0.2660 1.0000
0.4470 1.0000
0.4690 1.0000
0.0340 -1.0000
0.4320 1.0000
0.9830 1.0000
0.0420 -1.0000
0.7320 1.0000
0.9220 1.0000
0.0000 -1.0000
0.7140 1.0000
0.0280 -1.0000
0.2000 1.0000
0.0380 -1.0000
0.0590 -1.0000
0.0480 -1.0000
0.9910 1.0000
0.0560 -1.0000
0.0620 -1.0000
0.4350 1.0000
0.0780 -1.0000
0.7690 1.0000
0.0710 -1.0000
0.0460 -1.0000
0.0260 -1.0000
0.0250 -1.0000
0.0240 -1.0000
0.7850 1.0000
0.0400 -1.0000
0.4480 1.0000
0.0590 -1.0000
0.4180 1.0000
0.7170 1.0000
0.0370 -1.0000
0.0740 -1.0000
0.0780 -1.0000
0.4080 1.0000
0.0710 -1.0000
0.7680 1.0000
0.0340 -1.0000
0.0720 -1.0000
0.1880 1.0000
0.1690 1.0000
0.9820 1.0000
0.1140 1.0000
0.0770 -1.0000
0.0000 -1.0000
0.0320 -1.0000
0.0350 -1.0000
0.4130 1.0000
0.2520 1.0000
0.0410 -1.0000
0.2140 1.0000
0.7630 1.0000
0.0330 -1.0000
0.1580 1.0000
0.9650 1.0000
0.0350 -1.0000
0.9570 1.0000
0.9740 1.0000
0.0490 -1.0000
0.1980 1.0000
0.0380 -1.0000
0.9690 1.0000
0.0350 -1.0000
0.9550 1.0000
0.0260 -1.0000
0.0000 -1.0000
0.0000 -1.0000
0.0290 1.0000
0.0200 -1.0000
0.7720 1.0000
0.0430 -1.0000
0.1520 1.0000
0.1110 1.0000
0.0330 -1.0000
0.0220 -1.0000
0.0700 -1.0000
0.0640 -1.0000
0.9560 1.0000
0.0430 -1.0000
0.0780 -1.0000
0.7490 1.0000
0.6690 1.0000
0.1790 1.0000
0.4050 1.0000
0.9670 1.0000
0.0000 -1.0000
0.9040 1.0000
0.2340 1.0000
0.0410 -1.0000
0.1770 1.0000
0.0550 -1.0000
0.0380 -1.0000
0.0630 -1.0000
0.7870 1.0000
0.0380 -1.0000
0.0670 -1.0000
0.4930 1.0000
0.9910 1.0000
0.2590 1.0000
0.0770 -1.0000
0.0360 -1.0000
0.0780 -1.0000
0.7460 1.0000
0.9120 1.0000
0.9130 1.0000
0.1230 1.0000
0.0410 -1.0000
0.4620 1.0000
0.1800 1.0000
0.0250 -1.0000
0.0450 -1.0000
0.0000 -1.0000
0.9350 1.0000
0.0000 -1.0000
0.0740 -1.0000
0.4400 1.0000
0.4600 1.0000
0.0250 -1.0000
0.0540 -1.0000
0.7320 1.0000
0.7490 1.0000
0.0550 -1.0000
0.0210 -1.0000
0.0410 -1.0000
0.9260 1.0000
0.0620 -1.0000
0.0660 -1.0000
0.0000 -1.0000
0.9820 1.0000
0.0350 -1.0000
0.9580 1.0000
0.9420 1.0000
0.9680 1.0000
0.9350 1.0000
0.0760 -1.0000
0.9880 1.0000
0.0560 -1.0000
0.2310 1.0000
0.7380 1.0000
0.0410 1.0000
0.0000 -1.0000
0.7270 1.0000
0.0700 -1.0000
0.0440 -1.0000
0.9580 1.0000
0.9760 1.0000
0.0340 -1.0000
0.0240 -1.0000
0.7280 1.0000
0.7140 1.0000
0.1670 1.0000
0.0360 -1.0000
0.0320 -1.0000
0.0790 -1.0000
0.0250 -1.0000
0.3960 1.0000
0.9350 1.0000
0.0310 -1.0000
0.0000 -1.0000
0.7870 1.0000
0.0640 -1.0000
0.0500 -1.0000
0.0770 -1.0000
0.0560 -1.0000
0.0700 -1.0000
0.7040 1.0000
0.0660 -1.0000
0.4950 1.0000
0.0730 -1.0000
0.9190 1.0000
0.7510 1.0000
0.4370 1.0000
0.0680 -1.0000
0.0460 -1.0000
0.4230 1.0000
0.0280 -1.0000
0.0710 -1.0000
0.7100 1.0000
0.0600 -1.0000
0.4350 1.0000
0.9960 1.0000
0.1260 1.0000
0.0710 -1.0000
0.7500 1.0000
0.0260 -1.0000
0.5470 1.0000
0.0240 -1.0000
0.7890 1.0000
0.0410 -1.0000
0.1800 1.0000
0.1340 1.0000
0.1710 1.0000
0.0580 -1.0000
0.0700 -1.0000
0.0600 -1.0000
0.1730 1.0000
0.0290 -1.0000
0.0700 -1.0000
0.0220 -1.0000
0.9700 1.0000
0.0200 -1.0000
0.7520 1.0000
0.7310 1.0000
0.0670 -1.0000
0.7580 1.0000
0.4280 1.0000
0.0000 -1.0000
0.0320 -1.0000
0.4320 1.0000
0.0400 -1.0000
0.0750 -1.0000
0.0770 -1.0000
0.0830 1.0000
0.9470 1.0000
0.0630 -1.0000
0.0410 -1.0000
0.0150 1.0000
0.0730 -1.0000
0.1320 1.0000
0.4960 1.0000
0.0000 -1.0000
0.0650 -1.0000
0.4520 1.0000
0.2000 1.0000
0.0630 -1.0000
0.0440 -1.0000
0.7810 1.0000
0.9310 1.0000
0.0650 -1.0000
0.1580 1.0000
0.9800 1.0000
0.9750 1.0000
0.0340 -1.0000
0.9950 1.0000
0.7660 1.0000
0.0690 -1.0000
0.0400 -1.0000
0.4880 1.0000
0.1030 1.0000
0.0600 -1.0000
0.0460 -1.0000
0.0460 -1.0000
0.0600 -1.0000
0.9320 1.0000
0.0220 -1.0000
0.4130 1.0000
0.0000 -1.0000
0.0420 -1.0000
0.0630 -1.0000
0.0200 -1.0000
0.4780 1.0000
0.0730 -1.0000
0.1070 1.0000
0.9450 1.0000
0.9300 1.0000
0.0720 -1.0000
0.0670 -1.0000
0.0000 -1.0000
0.0340 -1.0000
0.9060 1.0000
0.0530 -1.0000
0.1690 1.0000
0.2520 1.0000
0.9870 1.0000
0.2960 1.0000
0.0670 -1.0000
0.0520 -1.0000
0.0570 -1.0000
0.9970 1.0000
0.0310 -1.0000
0.0650 -1.0000
0.9760 1.0000
0.0260 -1.0000
0.0220 -1.0000
0.0300 -1.0000
0.9780 1.0000
0.0350 -1.0000
0.0700 -1.0000
0.9590 1.0000
0.9540 1.0000
0.7550 1.0000
0.0280 -1.0000
0.0250 -1.0000
0.1830 1.0000
0.0000 -1.0000
0.0230 -1.0000
0.1600 1.0000
0.1600 1.0000
0.0790 -1.0000
0.9030 1.0000
0.7420 1.0000
0.0000 -1.0000
0.0480 -1.0000
0.0250 -1.0000
0.5110 1.0000
0.0750 -1.0000
0.0570 -1.0000
0.9180 1.0000
0.7570 1.0000
0.0600 -1.0000
0.0260 -1.0000
0.0000 -1.0000
0.9420 1.0000
0.0220 -1.0000
0.6310 1.0000
0.0420 -1.0000
0.0630 -1.0000
0.4920 1.0000
0.9420 1.0000
0.0000 -1.0000
0.0420 -1.0000
0.0400 -1.0000
